0.6450637131929398
0.6407891362905502
0.634235605597496
0.6271948963403702
0.6219160854816437
0.6171611845493317
0.6120330393314362
0.6071813106536865
0.6024239808320999
0.5961054563522339
0.5908989459276199
0.5863718688488007
0.58070969581604
0.5762621611356735
0.5714721828699112
0.567182794213295
0.5626998394727707
0.5584880411624908
0.5542927980422974
0.5501136779785156
0.5459696799516678
0.5418579950928688
0.5377781987190247
0.5337302684783936
0.5299719944596291
0.5265701040625572
0.522529274225235
0.5185610726475716
0.5146322846412659
0.5107346028089523
0.5068779215216637
0.5030602216720581
0.4992753714323044
0.49552541226148605
0.4918087497353554
0.4883890151977539
0.4847218468785286
0.48108652234077454
0.4774850606918335
0.47392117977142334