0.6318339556455612
0.6059878021478653
0.5867805182933807
0.5727495178580284
0.5630653351545334
0.5565694496035576
0.5527105256915092
0.5508632510900497
0.5505480468273163
0.5517521873116493
0.5537037774920464
0.5564304292201996
0.5597601793706417
0.5636054612696171
0.568269893527031
0.5728145055472851
0.5781024508178234
0.5830450765788555
0.5881052874028683
0.5938635319471359
0.5990656949579716
0.6042925380170345
0.6095263510942459
0.6147609986364841
0.6207144781947136
0.6259083822369576
0.6310633234679699
0.6363006960600615
0.6421631388366222
0.6471589617431164
0.6520952600985765
0.6569578647613525
0.6617661044001579
0.666509049013257
0.6711860802024603
0.6758177410811186
0.6803563889116049
0.684905044734478
0.6893065683543682
0.6936346683651209